parms <- list(
  gamma_cd4 = 8.333333e-05,
  gamma_cd8 = 1.666667e-05,
  a_0 = 1e-04,
  mu = 0.01,
  
)